919414217240
917016528511
919785978578
919828363803
919001107107
918886226978
919825642171
918955503371
919321994141
918898994141
91555532955
919404561678
916375299375
918866253783
919328588000
919033357777
918591307354
919051105519
916396256700
919928075219
919724102380
919716845111
919592398733
919634793962
919724192988
919530464725
919825721062
918734852393
919833621879
917757889345
919820042234
919825270516
917874237996
919898715265
919510505295
918963831888
919958693750
919414258873
919462000946
919800664722
919730425324
919974594999
919828237384
918488856251
918460123458
919960816139
917227870870
919825014103
919892354414
919594244263
917046661114
919651113002
919974442924
919210087493
919824041796
919987587899
918237347851
917011800340
919602728376
917082181084
919996870015
919227700983
919414446883
918562007605
917790994794
917231947679
919898986199
919376031166
919453800119
919555102905
918108445900
919769900627
919001088881
917715021827
919829028280
919392222771
919829044666
919885001177
919822714930
919887221212
919414167041
919821284102
919352222822
918054481253
919335924429
919920601186
919509136201
919829615802
919414359249
919328540915
919351167595
917730055005
919028383890
918696939899
918225802070
918320712607
918130856678
918750661199
919415994473
919810610380
919414076821
919852660201
919869676179
918130141077
918130686878
918130736678
918750662288
917014762300
919321118391
919810363988
919829198888
919351377575
917617616161
919822918585
919408760806
918956890266
919829057690
919822362306
919950988354
919820727128
919769994123
918830473797
918459209160
919356622111
919824660775
919810026026
917693964161
919829077524
919829643415
919727090866
917718847711
919316231874
919310661664
919810226331
918849317530
919904417903
919414079238
918669015641
919012717865
919167112781
919820327666
919724678897
919314509675
919414078661
919414052111
919001301303
917042294101
919321301327
919481117197
917400118469
919438430200
919828553392
91822659706
919850533149
919321256789
919829327405
917240445656
919414088377
919767687610
918290074505
919873221189
918830291476
916262333777
919819574701
917011471245
919930721389
917600648648
919850335169
919741071054
918103115979
919972537787
919558606001
919718015150
918303434881
917599603410
916309764466
918655779214
91779885390
918850764447
919892651575
9182924444
919773158786
919870202428
918058820046
919717289662
919538028536
919284628861
918568887111
917357622883
919820278181
9146611922
919998555772
918373907055
919671097710
919112255554
918975657676
919828922228
918097622022
91501582354
918767274807
919833804311
919844630211
919816383631
919450904183
919034236791
919594967751
919766329280
919998464637
918058123560
917668394719
919819819112
917510080423
919811518825
91503332409
919910609895
919759711439
91505283622
919586409315
91529078778
917891631425
918152046971
914379818486
919871137814
919467225555
91986005975
917249420402
917428899556
918826057610
919460866791
919974393186
9183909651300
9189286225210
9193166699900
9188840830200
9193167899900
919137232564
918200112417
919552257444
919969729727
918424017587
918691896591
919426765293
918740863229
919833801016
917023131613
919828139172
919373182464
919824122103
917798740145
919718450360
919897170084
918104779866
917977076338
917499882524
919825025627
918000085105
919167546105
919326434146
919829072333
918075652795
917814680455
917738535393
919879484754
918446599027
917709438407
919636677786
918209414208
917600408255
919826209724
919881084234
919167120483
918591307343
919414338684
918769525578
919371616161
917977737590
918003601778
918544274158
919930003027
918291170864
918947869170
919414435917
919004941823
919414011904
919251033333
917043990496
919819836027
919974942959
919175226666
919137552123
919323999329
917000609845
919116306122
919821110442
919468667550
919829169246
917709180543
919309282381
919112900959
917774849056
919028743355
919829825686
917757870959
919820236490
919324926598
919638764102
919574444418
917727936777
919829877277
919373344433
919904482172
918595834207
919979791000
917045097196
919610066000
918799070507
919321776677
919408732380
919902581097
917021783709
919373366633
918080298080
919829867203
919867724192
919887221418
919999996925
919983012123
917627067713
919314518929
917738834585
918824224477
919324518491
919982674646
919821270382
919898616418
917600190429
919004810464
917073570630
919636375003
919325738515
919214631060
919930919543
919001502146
919999976923
919111110159
919718450370
919687131395
919657441234
919545196562
919785444457
919829204658
918003477741
919829062283
919373152303
918149765993
919828210002
917427899666
919829089966
919828717121
919414141088
919833011340
918208042466
919004665851
919423507813
919849756469
919607925925
919828096223
919724444701
919887300029
918387998800
918562874005
919166792920
919665563749
917887568138
918488871189
919905501097
917742183886
919828922048
919829282093
919559268757
919664558338
919915951777
918908656599
919444374141
919760858881
919829686622
919940428492
919166845905
919982360050
919314918709
919879906664
919162095530
919833922330
919833838319
917389123678
919136131661
919145672150
919422037224
919588960078
919829354823
918005995778
919509523961
971569494907
918275752255
918850350295
919637452266
919521372262
916372424612
918561097310
919414941509
918882360420
9174288899556
919111920430
918770274120
917017599600
918925253330
917021455677
919818018222
919829176281
918976664692
919867703957
918511139455
918511151607
918140636014
919166310001
919850113322
918560077707
919694158604
917737515556
919351494461
917028522364
916380890096
919925469573
912652604146
919511520250
919571763035
918866141475
919414169841
917043745709
917070129345
919667777330
919887261616
918802888899
919460065514
917665412555
917340536312
918308828987
919414166994
919728650073
919845448045
919934757265
919982164313
919784000636
917499771262
917359508979
919466389327
917021464744
919821149384
917815899053
918983571406
919284826081
919967475571
919828533907
918791883456
917355234075
918369522808
919414093963
919139298120
919923693669
919584125711
918344404467
918976303976
919834052156
919872369872
919685503874
919604525026
9198089029
917900027666
919636556102
918779808010
91543662190
918208266046
919967178681
919833734585
919050928698
919930567051
919238918768
919829083930
919004490940
919983675404
919930567052
918320334701
91615588730
919950830133
916377101048
919423068528
919414042912
918169512018
917007706799
919549167899